z0Lb = [ ...
[ 	0.0736676 	0.081239 	-0.670396 	0.0818026 	0.247921 	-0.978245 	0.0217375 	0.492599 	-0.904641 	0.0224213 	0.659856 	-0.581473 	0.0119316 	0.827714 	0.0601337 	-0.539164 	0.541677 	0.601318 	-1.0727 	1.17606 	1.12273 	-1.17296 	1.08641 	1.11271 	-0.90184 	0.946703 	0.955913 	-1.03512 	1.05166 	1.03678 	2.08167e-16 	1 	1 	-1 	-1 	-1 	]
];

z0Ub = [ ...
[ 	0.0736676 	0.081239 	-0.670396 	0.0818026 	0.247921 	-0.978245 	0.0217375 	0.492599 	-0.904641 	0.0224213 	0.659856 	-0.581473 	0.0119316 	0.827714 	0.0601337 	-0.539164 	0.541677 	0.601318 	-1.0727 	1.17606 	1.12273 	-1.17296 	1.08641 	1.11271 	-0.90184 	0.946703 	0.955913 	-1.03512 	1.05166 	1.03678 	2.08167e-16 	1 	1 	1 	1 	1 	]
];

