image_width: 1280
image_height: 1024
camera_name: overhead
camera_matrix:
  rows: 3
  cols: 3
  data: [ 7.6946497855829443e+02, 0, 6.3522428948586071e+02, 0, 7.6875198858016370e+02, 4.9172890181774102e+02, 0, 0, 1]
distortion_model: plumb_bob
distortion_coefficients:
  rows: 1
  cols: 4
  data: [-3.2402610654612035e-01, 9.4629740227230974e-02, 3.8611413028713553e-04, 2.0158706205913819e-04]
rectification_matrix:
  rows: 3
  cols: 3
  data: [1, 0, 0, 0, 1, 0, 0, 0, 1]
projection_matrix:
  rows: 3
  cols: 4
  data: [7.6946497855829443e+02, 0, 6.3522428948586071e+02,0,  0, 7.6875198858016370e+02, 4.9172890181774102e+02,0,  0, 0, 1, 0]